-0.00915271
2.77743
-6.11261
10.6289
-14.8679
16.9113
-15.9768
11.6639
-5.08343
-1.74693
6.58912
-7.87517
5.50582
-1.04395
-3.36572
5.56184
-4.8501
1.83563
1.73346
-3.94432
3.78511
-1.56133
-1.35143
3.27651
-3.2371
1.42809
1.03291
-2.70195
2.64874
-1.11371
-1.00341
2.35579
-2.20879
0.742313
1.11481
-2.20103
1.86277
-0.420164
-1.28192
2.20532
-1.84648
0.474679
0.970218
-1.73986
1.26788
-0.0224301
-1.26297
1.77882
-1.23116
0.0150416
1.09847
-1.41798
0.817599
0.32095
-1.20048
1.32628
-0.602717
-0.475172
1.21184
-1.1535
0.369644
0.660442
-1.27138
1.11696
-0.308256
-0.617154
1.09624
-0.849304
0.0854161
0.734162
-1.05858
0.760117
-0.0102335
-0.661035
0.856271
-0.422416
-0.251593
0.781152
-0.774021
0.297
0.36495
-0.722929
0.602187
-0.0167153
-0.585532
0.872732
-0.621038
0.0105513
0.609432
-0.825362
0.557261
0.0392854
-0.553642
0.669151
-0.309746
-0.267892
0.734719
-0.748638
0.357508
0.249195
-0.651709
0.670455
-0.286278
-0.211959
0.544607
-0.467151
0.0875766
0.370689
-0.601905
0.488299
-0.0991685
-0.277966
0.455844
-0.310813
-0.0183652
0.334528
-0.390834
0.201279
0.132242
-0.367236
0.392973
-0.167146
-0.120338
0.301379
-0.249021
0.0389807
0.238063
-0.346195
0.256403
0.0342942
-0.313078
0.435466
-0.331278
0.0704068
0.196696
-0.306178
0.233439
-0.0367812
-0.165217
0.237523
-0.129634
-0.0464367
0.210056
-0.235049
0.123643
0.0719505
-0.189202
0.196857
-0.0229854
-0.179932
0.348348
-0.351166
0.228466
0.000164185
-0.153012
0.19716
-0.0608879
-0.16199
0.363499
-0.404733
0.295977
-0.0551049
-0.167635
0.286177
-0.207809
0.0102606
0.219794
-0.317704
0.239551
0.00934724
-0.26188
0.382196
-0.260775
-0.0642025
0.44457
-0.678096
0.603662
-0.219278
-0.265839
0.609547
-0.569528
0.129821
0.547511
-1.08841
1.2106
-0.730408
-0.188942
1.17333
-1.75633
1.58912
-0.571248
-0.97617
2.63346
-3.8721
4.37038
-4.07903
3.19862
-2.06385
1.027
-0.320581