1.16668
-0.700537
0.61856
-0.419063
0.3128
0.117733
-0.222686
0.297417
-0.171674
-0.0564876
0.110729
-0.261648
0.123752
0.0484386
-0.121233
0.211165
-0.0775229
-0.0457953
0.138547
-0.165317
0.0544348
0.075186
-0.130901
0.13053
-0.0335601
-0.0938885
0.135186
-0.0959719
0.00307156
0.116993
-0.10811
0.07307
0.0270183
-0.115007
0.0981987
-0.0438073
-0.0423433
0.121814
-0.0870139
0.0110172
0.0663787
-0.109954
0.0747938
0.0247153
-0.0796899
0.0940325
-0.0484658
-0.0426344
0.0796036
-0.0893698
0.0162688
0.0440009
-0.099753
0.0552629
-0.0130928
-0.0675721
0.0967629
-0.0454211
-0.019496
0.0827739
-0.0766088
0.0336998
0.0487815
-0.0797654
0.0729608
0.00208772
-0.0582599
0.0794262
-0.0479431
-0.0130756
0.0712848
-0.0758127
0.0295673
0.0347687
-0.0828638
0.0570367
-0.00586342
-0.046949
0.0806266
-0.0416353
-0.0165563
0.0528604
-0.0727004
0.0228506
0.0225959
-0.0651586
0.0567129
-0.0223691
-0.0494692
0.0673314
-0.0448291
-0.00228236
0.0564534
-0.0612828
0.0334599
0.0167867
-0.063653
0.0578415
-0.0221157
-0.0385342
0.0674404
-0.0521911
-0.00320883
0.0548847
-0.0598566
0.0358294
0.0191356
-0.0566358
0.0615294
-0.0177454
-0.0342427
0.0640852
-0.0484734
0.00466414
0.0525823
-0.0640207
0.0339992
0.0200314
-0.0554325
0.0577935
-0.0171268
-0.0292243
0.069103
-0.0428715
-0.000876437
0.0454319
-0.0621823
0.0244607
0.00148003
-0.070854
0.0506784
-0.00273211
-0.0187504
0.0598241
-0.0448325
-0.00603354
0.037495
-0.0480588
0.0345439
0.00773875
-0.0462253
0.0586643
-0.0157071
-0.0245701
0.0536667
-0.0472719
-0.00242634
0.0302464
-0.057135
0.0337538
0.0114475
-0.0448972
0.0469571
-0.0271793
-0.0220678
0.0580166
-0.0417171
0.00541947
0.0308034
-0.0601457
0.0336695
0.0153279
-0.0402907
0.0492362
-0.0204999
-0.0190439
0.0494415
-0.0427113
0.0112849
0.031977
-0.0524455
0.0375291
0.00142178
-0.0495545
0.0545083
-0.0153551
-0.0178985
0.0501955
-0.0458188
0.00144375
0.0258218
-0.0504252
0.0365897
0.00341861
-0.039696
0.0522151
-0.0275406
-0.0204241
0.0536247
-0.0386176
0.0133613
0.0264861
-0.0604376
0.0378876
0.0121078
-0.0437448
0.0442632
-0.0270055
-0.0209174
0.0524025
-0.0396681
0.00630763
0.0293089
-0.0493209
0.0326271
0.00471035
-0.0398032
0.044187
-0.025986
-0.0190165
0.0465187
-0.0359066
0.0170942
0.0302214
-0.0484138
0.0324311
-0.00153561
-0.0396161
0.0479571
-0.0220804
-0.0106041
0.0482357
-0.0426028
0.012343
0.0270477
-0.0487686
0.0363608
0.00151661
-0.0381123
0.0467107
-0.0285743
-0.0181431
0.0432647
-0.0447021
0.0129896
0.0294098
-0.0463674
0.0372621
0.000792231
-0.0413565
0.042608
-0.0272343
-0.0129564
0.0463169
-0.0423096
0.0154733
0.0303496
-0.0462786
0.0352567
-0.00327318
-0.0455552
0.0403726
-0.0254475
-0.0117977
0.0454256
-0.0404873
0.0141997
0.0246239
-0.0467961
0.0360021
-0.0055077
-0.0428141
0.044065
-0.0285965
-0.0138528
0.049872
-0.0370235
0.0154233
0.0291831
-0.0444947
0.0334072
-0.00375431
-0.0392356
0.046802
-0.0202741
-0.0120042
0.0385418
-0.0452572
0.0115112
0.0274126
-0.0400424
0.0331029
-0.00529787
-0.0328151
0.0455028
-0.0264497
-0.00830267
0.04123
-0.0453651
0.0131175
0.021937
-0.0442329
0.038078
-0.00233668
-0.032371
0.0472156
-0.0256446
-0.00642513
0.0420168
-0.0467498
0.0141749
0.0234975
-0.0431993
0.0389244
-0.00659758
-0.0358699
0.0520491
-0.0237916
-0.0146398
0.0353613
-0.0477575
0.0134586
0.0247025
-0.0413332
0.0397843
0.000233565
-0.030885
0.0434822
-0.0297637
-0.00815303
0.0402859
-0.0457249
0.0157567
0.0197446
-0.050077
0.0373122
0.00288097
-0.0299639
0.0436065
-0.0291142
-0.014297
0.035957
-0.0357167
0.0231422
0.0218741
-0.0415942
0.0330932
-0.0107916
-0.0287319
0.0440914
-0.0323322
-0.00628039
0.0382485
-0.0409783
0.0205647
0.0136771
-0.0449923
0.0386156
-0.0116101
-0.0286066
0.0478539
-0.0308537
-0.00016784
0.0395485
-0.04838
0.0209973
0.0157878
-0.048449
0.0410456
-0.00621262
-0.0296994
0.0442669
-0.0310628
-0.000300501
0.0380009
-0.0419444
0.0309252
0.0175647
-0.0471039
0.0410374
-0.0111712
-0.0244871
0.0534558
-0.0304775
0.001759
0.038154
-0.0486514
0.0265495
0.0141525
-0.0479363
0.0431241
-0.0156091
-0.0303657
0.0491255
-0.0395649
-0.0055982
0.0364241
-0.0490048
0.027114
0.0154793
-0.0472981
0.041475
-0.0131642
-0.0226008
0.0494613
-0.0381843
0.00376547
0.0345616
-0.0536443
0.0318437
0.0145383
-0.0456385
0.0489739
-0.0178581
-0.0289035
0.0484103
-0.0448136
-0.00283021
0.0327573
-0.0540636
0.0283315
0.00858896
-0.0486309
0.0413376
-0.0223019
-0.0195222
0.0483849
-0.0444856
0.0149144
0.0351748
-0.0570545
0.0409298
0.00869391
-0.0478183
0.0549926
-0.022558
-0.0182458
0.0568023
-0.0504149
0.0082685
0.0366995
-0.0525873
0.0428131
0.00099217
-0.051825
0.0514647
-0.0330003
-0.018564
0.0559349
-0.0517214
0.020305
0.0360857
-0.0588155
0.0480106
-0.000521391
-0.0449484
0.0638268
-0.0345069
-0.0123736
0.0583594
-0.0585224
0.0249454
0.0321612
-0.0593495
0.0603415
-0.00553133
-0.0448774
0.0679232
-0.0460424
-0.0126409
0.050176
-0.0742797
0.0279189
0.0219848
-0.066544
0.0621637
-0.0211347
-0.0366873
0.0718647
-0.0647006
0.00522879
0.0557578
-0.0785278
0.0554903
0.0143853
-0.069353
0.0778539
-0.0453999
-0.0252166
0.0869686
-0.0776018
0.0367992
0.044061
-0.096266
0.0830379
-0.0260255
-0.0591661
0.110187
-0.0897676
0.0254673
0.0719116
-0.135272
0.118518
-0.0426614
-0.0851379
0.183572
-0.216174
0.181736
-0.0977134
0.0156742