-0.788208
4.76163
-7.16823
7.36101
-5.61992
2.59912
0.591296
-3.05914
3.5954
-2.20549
-0.133999
2.02743
-2.72524
1.76978
0.0856625
-1.86563
2.29441
-1.32417
-0.384933
1.69586
-1.93735
0.952951
0.573549
-1.69075
1.65333
-0.583873
-0.815734
1.60893
-1.3679
0.217319
0.984892
-1.50334
1.04653
0.0542439
-1.09797
1.39085
-0.798881
-0.342151
1.21026
-1.26151
0.455056
0.568278
-1.25625
1.03387
-0.173147
-0.796438
1.18215
-0.813883
-0.0983228
0.897966
-1.11455
0.597484
0.315777
-1.01608
1.02241
-0.355389
-0.568473
1.0708
-0.855776
0.0725745
0.740811
-1.05711
0.646158
0.189353
-0.885608
0.969918
-0.39438
-0.419441
0.950212
-0.822007
0.157307
0.60798
-0.953135
0.645735
0.103191
-0.750183
0.886056
-0.433933
-0.295389
0.818402
-0.783657
0.233839
0.486733
-0.855239
0.656666
-0.0239859
-0.625045
0.855878
-0.48722
-0.194373
0.749992
-0.775065
0.288191
0.379176
-0.787177
0.693321
-0.10615
-0.543013
0.847397
-0.545525
-0.130059
0.715342
-0.780439
0.33139
0.342177
-0.765791
0.676681
-0.131596
-0.491907
0.796328
-0.547311
-0.0710278
0.653725
-0.77052
0.3531
0.303878
-0.730175
0.661204
-0.143901
-0.461425
0.749286
-0.520493
-0.0506854
0.585047
-0.709276
0.365542
0.235456
-0.663859
0.650387
-0.179164
-0.401922
0.696472
-0.509589
-0.0016037
0.516501
-0.676381
0.39221
0.16362
-0.614968
0.649784
-0.232563
-0.341366
0.685593
-0.54803
0.0426186
0.496844
-0.679966
0.415743
0.137951
-0.583131
0.639125
-0.255049
-0.293178
0.660694
-0.5672
0.0794226
0.465013
-0.675792
0.427675
0.119329
-0.561606
0.62099
-0.262811
-0.253664
0.610444
-0.559544
0.134016
0.402148
-0.667145
0.466986
0.0675836
-0.548576
0.645119
-0.291624
-0.257841
0.618358
-0.545668
0.120451
0.380311
-0.616266
0.448871
0.0262813
-0.500522
0.641671
-0.327483
-0.214815
0.60267
-0.571582
0.15976
0.371952
-0.641036
0.47746
0.025342
-0.506748
0.628067
-0.303782
-0.203021
0.570845
-0.548571
0.156942
0.341636
-0.602409
0.460928
0.000722299
-0.45346
0.601513
-0.337357
-0.157727
0.54368
-0.549197
0.191384
0.298153
-0.590501
0.486473
-0.0333604
-0.440574
0.61219
-0.352713
-0.140185
0.534225
-0.562264
0.20875
0.290035
-0.58503
0.481513
-0.0465695
-0.406365
0.587229
-0.371606
-0.0949767
0.509594
-0.570032
0.242664
0.264963
-0.576874
0.498553
-0.0827067
-0.387354
0.60687
-0.393552
-0.0838366
0.513669
-0.575847
0.253117
0.253186
-0.576076
0.51212
-0.0825474
-0.389037
0.593443
-0.378639
-0.0757373
0.48109
-0.554145
0.272839
0.209851
-0.548996
0.524869
-0.120074
-0.362901
0.605274
-0.404289
-0.0638255
0.486315
-0.560229
0.26398
0.21256
-0.524987
0.498025
-0.125998
-0.330437
0.572052
-0.41081
-0.0249178
0.449148
-0.553673
0.290981
0.169316
-0.510834
0.512993
-0.161545
-0.295913
0.564811
-0.44024
0.0122046
0.434317
-0.570235
0.315245
0.163023
-0.509413
0.512764
-0.171614
-0.281316
0.558754
-0.446422
0.0287433
0.414266
-0.562665
0.339108
0.119088
-0.498137
0.547658
-0.204975
-0.282948
0.574934
-0.458922
0.0285243
0.415065
-0.565993
0.347953
0.116814
-0.499405
0.534936
-0.200329
-0.257835
0.543485
-0.459966
0.0677842
0.376344
-0.559202
0.359218
0.0917723
-0.483655
0.546085
-0.22221
-0.245636
0.532327
-0.459341
0.0840802
0.352682
-0.55344
0.374185
0.0584226
-0.456889
0.533263
-0.258532
-0.195586
0.511716
-0.497123
0.130697
0.324744
-0.567085
0.407784
0.0143456
-0.436453
0.567191
-0.309219
-0.177283
0.535946
-0.523603
0.144828
0.318275
-0.578014
0.43952
0.00263687
-0.451626
0.568617
-0.301062
-0.167145
0.503214
-0.51436
0.178575
0.275877
-0.559407
0.458848
-0.039179
-0.412781
0.57917
-0.337361
-0.125997
0.502522
-0.538087
0.218347
0.256094
-0.562842
0.489682
-0.0726686
-0.395654
0.597593
-0.388554
-0.087815
0.511733
-0.574926
0.248987
0.248773
-0.568347
0.508619
-0.0958795
-0.375818
0.602104
-0.414032
-0.0493685
0.487615
-0.596049
0.30384
0.207609
-0.578532
0.556869
-0.136912
-0.370882
0.617791
-0.438912
-0.0294743
0.472551
-0.591564
0.327345
0.164109
-0.545303
0.566103
-0.191755
-0.301216
0.604276
-0.485996
0.0640997
0.425039
-0.634308
0.428196
0.100116
-0.560081
0.641309
-0.256374
-0.285439
0.637645
-0.554384
0.114183
0.422077
-0.667377
0.465097
0.0711498
-0.545905
0.659132
-0.32953
-0.216279
0.636519
-0.617851
0.192438
0.377489
-0.689412
0.547417
-0.026457
-0.514946
0.722494
-0.432125
-0.139706
0.630949
-0.695396
0.302136
0.304181
-0.709401
0.653594
-0.144709
-0.463131
0.769307
-0.559899
-0.0237187
0.610283
-0.784918
0.442893
0.202262
-0.715617
0.775325
-0.316605
-0.366233
0.822469
-0.730549
0.161294
0.528196
-0.891964
0.67715
-0.00106064
-0.69453
0.951653
-0.588783
-0.166742
0.843573
-1.00036
0.506574
0.34479
-0.996345
1.02381
-0.406685
-0.500657
1.14266
-1.09489
0.35349
0.657037
-1.32089
1.23106
-0.401805
-0.74024
1.59106
-1.63297
0.768945
0.63784
-1.99236
2.80177
-2.80015
2.08511
-1.06446
0.296312