1.63995
-2.47334
4.13262
-5.51926
6.18503
-5.10308
2.96829
-0.0957504
-2.33845
3.4208
-2.97428
1.01562
1.13185
-2.52812
2.58553
-1.16673
-0.679289
2.08908
-2.26805
1.13757
0.529589
-1.82264
2.03252
-1.04016
-0.523706
1.67973
-1.84046
0.895199
0.548616
-1.59748
1.70368
-0.755953
-0.606868
1.55121
-1.55401
0.583126
0.722725
-1.53762
1.44371
-0.452316
-0.795185
1.51904
-1.30566
0.326821
0.876067
-1.49807
1.18759
-0.166118
-0.974989
1.47567
-1.07291
-0.0121734
1.05525
-1.47642
0.937093
0.147915
-1.14179
1.4446
-0.848175
-0.259566
1.2126
-1.41262
0.765051
0.365349
-1.24585
1.39351
-0.656809
-0.484797
1.33911
-1.38532
0.59987
0.555676
-1.38633
1.39036
-0.582598
-0.618905
1.45359
-1.44083
0.602341
0.633933
-1.52196
1.553
-0.70989
-0.574711
1.56556
-1.74241
0.975323
0.336421
-1.57531
2.07732
-1.60286
0.355588
1.18796
-2.40907
2.97163
-2.78648
2.07801
-1.21562
0.490583
-0.098446