-1.269
7.2856
-14.2548
20.3656
-23.7844
22.7345
-17.0414
7.68839
2.1163
-8.93394
10.7649
-7.52497
1.2202
4.81605
-7.70794
6.22611
-1.76505
-3.11985
5.78159
-5.0545
1.47983
2.59205
-4.90997
4.18086
-1.09799
-2.45656
4.35044
-3.64921
0.835809
2.22151
-3.81704
3.00894
-0.404699
-2.38633
3.6176
-2.64063
0.0560964
2.42562
-3.38969
2.29676
0.0690308
-2.24241
2.77501
-1.46761
-0.940777
2.87501
-3.14818
1.51248
1.0514
-3.00486
3.15846
-1.43299
-1.04413
2.8099
-2.79603
1.15151
1.03367
-2.39893
2.09068
-0.331139
-1.79606
2.89946
-2.32836
0.333658
1.8322
-2.87926
2.12901
-0.0659644
-2.06043
2.91934
-1.98479
-0.188481
2.30436
-3.07157
1.99919
0.342504
-2.57979
3.33306
-2.08056
-0.464342
2.82144
-3.48629
2.04177
0.856821
-3.60145
4.63153
-3.10324
-0.307744
3.99674
-6.07818
5.35785
-1.82041
-3.4593
8.51034
-11.688
12.4601
-10.8939
7.73277
-3.96927
1.20726