-1.35814
7.81198
-15.5421
22.413
-26.2457
25.1825
-19.0223
8.77933
2.13833
-9.83846
11.9562
-8.43361
1.46484
5.31002
-8.71743
7.24065
-2.33094
-3.18229
6.33977
-5.78149
1.98502
2.58484
-5.37961
4.8832
-1.67022
-2.21978
4.51173
-4.10187
1.36085
1.85098
-3.70997
3.10247
-0.583983
-2.23618
3.52218
-2.59609
0.0417499
2.38978
-3.28802
2.15933
0.191578
-2.2867
2.70673
-1.27905
-1.18796
3.05989
-3.11962
1.1505
1.73156
-3.87258
3.96821
-1.97736
-0.877357
2.98805
-3.18665
1.57759
0.732149
-2.28733
2.16495
-0.53713
-1.51469
2.63796
-2.16379
0.294048
1.76175
-2.7243
1.93538
0.10876
-2.11496
2.77039
-1.61264
-0.66124
2.68504
-3.1934
1.84166
0.699652
-2.98512
3.57808
-2.05573
-0.743176
3.1627
-3.70131
1.98568
1.19815
-4.11765
5.08259
-3.27922
-0.459062
4.41776
-6.60393
5.76431
-1.87358
-3.79503
9.10654
-12.3761
13.111
-11.3891
7.97902
-4.01453
1.1819