-0.965911
5.83824
-10.2576
12.5279
-11.8596
8.20914
-2.85313
-2.71542
6.17365
-6.13065
3.12032
1.04172
-4.195
4.76308
-2.65798
-0.896804
3.59069
-3.98208
1.99475
0.978961
-3.26079
3.42018
-1.54108
-1.22639
3.10174
-2.96484
0.981149
1.48843
-2.95089
2.46443
-0.527712
-1.67378
2.72557
-2.04561
0.0565075
1.86953
-2.58738
1.54354
0.433195
-2.07108
2.30376
-1.08739
-0.824697
2.06253
-1.96418
0.591961
1.11128
-2.05104
1.63537
-0.135638
-1.45504
2.1032
-1.32934
-0.283338
1.73872
-2.02453
0.990326
0.649094
-1.82479
1.73969
-0.523208
-1.02392
1.82307
-1.43676
0.0836067
1.26644
-1.76257
1.07224
0.33706
-1.52088
1.71779
-0.773519
-0.677698
1.66047
-1.49632
0.366228
0.973503
-1.66246
1.25039
-0.0340083
-1.18999
1.60543
-0.911429
-0.371727
1.4352
-1.53229
0.640468
0.717499
-1.54239
1.36074
-0.260077
-0.955234
1.53076
-1.08486
-0.0834384
1.24163
-1.54573
0.790325
0.528949
-1.45746
1.41298
-0.45341
-0.745377
1.4547
-1.19335
0.146806
1.01056
-1.47118
0.945855
0.22437
-1.19853
1.35251
-0.553163
-0.607697
1.37669
-1.2162
0.278242
0.841122
-1.38514
1.01099
0.0388569
-1.05626
1.34445
-0.723081
-0.367299
1.21112
-1.24289
0.477539
0.658906
-1.31383
1.1068
-0.164911
-0.85784
1.32213
-0.907992
-0.110623
1.05718
-1.29761
0.599944
0.522456
-1.31113
1.20061
-0.305551
-0.776704
1.34166
-1.01565
0.0333835
1.00735
-1.38821
0.856295
0.252773
-1.14686
1.25179
-0.50143
-0.574627
1.23677
-1.06788
0.192199
0.828075
-1.29781
0.900687
0.083299
-1.02021
1.27674
-0.690486
-0.355676
1.17285
-1.19058
0.377757
0.695921
-1.30271
1.05464
-0.103985
-0.895504
1.30196
-0.862875
-0.153473
1.07076
-1.28794
0.66367
0.411068
-1.19841
1.13314
-0.263197
-0.788996
1.32287
-0.976894
0.00477552
0.994728
-1.34557
0.806117
0.292966
-1.18681
1.30124
-0.575576
-0.49152
1.22869
-1.1593
0.296897
0.758012
-1.31051
1.00323
-0.0245231
-1.00121
1.39603
-0.868589
-0.246679
1.24008
-1.40159
0.672526
0.513658
-1.37396
1.334
-0.40554
-0.790632
1.50261
-1.24749
0.196548
0.990487
-1.57258
1.17006
-0.0042296
-1.16601
1.60925
-1.02311
-0.210397
1.31798
-1.61793
0.928063
0.367954
-1.45001
1.66816
-0.836667
-0.52657
1.60748
-1.74647
0.888083
0.55156
-1.77692
2.11832
-1.34167
-0.152369
1.61986
-2.46414
2.46997
-1.64068
0.451972
0.460573
-0.606185
0.304895