-0.693246
4.53439
-7.12005
7.44459
-5.79384
2.76251
0.399877
-2.94627
3.67372
-2.35889
0.0175938
2.00007
-2.73254
1.87027
-0.0195428
-1.80795
2.34037
-1.41231
-0.30699
1.66712
-1.99184
1.02961
0.491198
-1.66955
1.72751
-0.67482
-0.772795
1.62984
-1.43211
0.275444
0.949535
-1.53879
1.11074
-0.0130399
-1.08886
1.42559
-0.875573
-0.304627
1.21665
-1.30498
0.511739
0.558788
-1.26917
1.0574
-0.201658
-0.765604
1.19111
-0.830187
-0.0596467
0.901505
-1.14407
0.648283
0.303253
-1.01632
1.07941
-0.398455
-0.53743
1.08294
-0.904277
0.0943145
0.745385
-1.08164
0.641701
0.178608
-0.887677
0.956266
-0.409591
-0.398086
0.921753
-0.826091
0.192877
0.579328
-0.965394
0.690214
0.0821996
-0.765724
0.907346
-0.45211
-0.29488
0.821492
-0.79784
0.243684
0.488472
-0.865208
0.680687
-0.0283358
-0.613132
0.880708
-0.510823
-0.176872
0.753434
-0.780454
0.296716
0.366713
-0.772543
0.689977
-0.124043
-0.550963
0.867352
-0.553469
-0.144306
0.719012
-0.772605
0.325653
0.326671
-0.752279
0.681487
-0.147154
-0.485754
0.797589
-0.55097
-0.0636547
0.649762
-0.778572
0.374567
0.292793
-0.731143
0.671724
-0.151276
-0.463819
0.756794
-0.538952
-0.0494015
0.606179
-0.728087
0.351016
0.253968
-0.646749
0.648998
-0.172346
-0.400279
0.688254
-0.486517
-0.0203876
0.50511
-0.647642
0.36657
0.142074
-0.59686
0.647437
-0.256188
-0.334579
0.678659
-0.542785
0.0370591
0.49314
-0.666339
0.417744
0.117389
-0.56444
0.647437
-0.264231
-0.291402
0.653049
-0.554831
0.065574
0.466496
-0.663673
0.418974
0.113999
-0.56108
0.610373
-0.252064
-0.268632
0.601495
-0.528974
0.114675
0.391356
-0.650711
0.462131
0.0584971
-0.53078
0.640203
-0.294288
-0.248318
0.59863
-0.545555
0.135421
0.357636
-0.592039
0.442307
0.0137384
-0.487238
0.652519
-0.342136
-0.205638
0.61405
-0.571632
0.156266
0.357785
-0.621211
0.484978
0.00629636
-0.491241
0.630015
-0.308677
-0.197208
0.563565
-0.551358
0.163963
0.342101
-0.599652
0.448145
-0.00167076
-0.436828
0.582676
-0.331862
-0.13823
0.537521
-0.555188
0.194638
0.296654
-0.588687
0.486122
-0.0496944
-0.420854
0.609974
-0.36672
-0.130629
0.531812
-0.55741
0.21383
0.285534
-0.586191
0.493012
-0.0498661
-0.422624
0.604447
-0.362318
-0.108605
0.512105
-0.563127
0.239922
0.261945
-0.580874
0.510404
-0.0880607
-0.385102
0.598815
-0.389863
-0.0810879
0.503421
-0.578944
0.267374
0.250006
-0.589095
0.518893
-0.0790096
-0.383794
0.595656
-0.385936
-0.0634412
0.486201
-0.577151
0.281386
0.217578
-0.553563
0.521682
-0.127364
-0.358272
0.611231
-0.406983
-0.0721321
0.487781
-0.56103
0.269176
0.199516
-0.532834
0.494972
-0.128616
-0.32509
0.570962
-0.425686
-0.0202208
0.449905
-0.560101
0.286569
0.172928
-0.503519
0.495406
-0.157415
-0.292436
0.560785
-0.440603
0.00975564
0.444225
-0.57755
0.316369
0.1729
-0.507306
0.508794
-0.157823
-0.279319
0.548825
-0.42751
0.0167827
0.415561
-0.547299
0.330232
0.125417
-0.495789
0.530969
-0.19082
-0.2782
0.563039
-0.446601
0.0209925
0.409526
-0.559361
0.344304
0.114351
-0.492178
0.537916
-0.216038
-0.255884
0.549331
-0.468823
0.0702732
0.37232
-0.557978
0.350384
0.106954
-0.493613
0.545198
-0.214751
-0.245933
0.522987
-0.446929
0.0879977
0.342601
-0.543797
0.376357
0.0427265
-0.427518
0.524143
-0.268976
-0.175245
0.510866
-0.493471
0.136396
0.329075
-0.562055
0.412483
0.00484257
-0.41889
0.567413
-0.313337
-0.17636
0.5508
-0.530171
0.139583
0.328933
-0.573754
0.438605
-0.00123721
-0.438932
0.555934
-0.296039
-0.169154
0.50607
-0.510841
0.182023
0.257131
-0.549583
0.46033
-0.0674096
-0.408631
0.588386
-0.358019
-0.140732
0.516334
-0.570814
0.21236
0.270827
-0.597638
0.490914
-0.06085
-0.419428
0.605267
-0.393417
-0.100078
0.527868
-0.575383
0.237645
0.266188
-0.586311
0.51589
-0.081797
-0.398307
0.608345
-0.390133
-0.0671912
0.486171
-0.582744
0.306526
0.206086
-0.581667
0.573204
-0.138
-0.379235
0.636046
-0.442392
-0.0319511
0.493635
-0.592963
0.306007
0.200993
-0.554415
0.565927
-0.174545
-0.319693
0.625427
-0.493212
0.0538752
0.445386
-0.653145
0.433954
0.111315
-0.585903
0.647671
-0.248036
-0.314736
0.661002
-0.554452
0.0867295
0.447965
-0.678215
0.442689
0.0983295
-0.563114
0.659494
-0.301876
-0.254371
0.656323
-0.608695
0.167037
0.410946
-0.701032
0.535825
0.0125766
-0.552387
0.734737
-0.413849
-0.190508
0.686972
-0.715681
0.265008
0.359192
-0.738937
0.626244
-0.10852
-0.489718
0.764338
-0.527413
-0.0778974
0.631813
-0.773511
0.404671
0.241182
-0.728483
0.768419
-0.272447
-0.403071
0.838509
-0.709925
0.134562
0.570602
-0.914319
0.672169
0.0491682
-0.74497
0.960274
-0.536708
-0.237406
0.885263
-0.971046
0.437386
0.401211
-1.01742
0.993993
-0.338413
-0.559195
1.14103
-1.0408
0.274794
0.708094
-1.31747
1.16659
-0.310069
-0.821392
1.59593
-1.55214
0.642636
0.729934
-2.00549
2.73486
-2.68784
1.97101
-0.989288
0.277556