-0.538724
3.80744
-5.7565
5.93274
-4.73067
2.23321
0.317927
-2.47889
2.95695
-1.94449
0.0200681
1.61323
-2.26801
1.52315
-0.0279774
-1.49656
1.91798
-1.17555
-0.232008
1.39089
-1.64329
0.888393
0.416185
-1.35637
1.45581
-0.552435
-0.57745
1.39746
-1.18613
0.25535
0.80908
-1.23368
0.943491
-0.0316457
-0.891138
1.19324
-0.714331
-0.233982
0.968563
-1.1017
0.437973
0.412908
-1.04533
0.859607
-0.198325
-0.628989
0.947659
-0.733554
-0.0173887
0.716815
-0.988861
0.592752
0.200981
-0.837426
0.906295
-0.38019
-0.400533
0.924037
-0.770709
0.115319
0.594904
-0.871478
0.581266
0.114248
-0.692938
0.82947
-0.376126
-0.27214
0.75213
-0.720371
0.226855
0.45995
-0.806998
0.5977
0.028537
-0.633723
0.762372
-0.422586
-0.20938
0.684697
-0.710089
0.238777
0.373102
-0.754381
0.610034
-0.0980432
-0.48536
0.765603
-0.492119
-0.103196
0.604564
-0.682949
0.300491
0.275329
-0.659217
0.639683
-0.150618
-0.46504
0.777551
-0.506528
-0.102119
0.602801
-0.669005
0.307895
0.250506
-0.628491
0.595064
-0.14877
-0.389516
0.656295
-0.489139
-0.0173446
0.53393
-0.669948
0.350905
0.197889
-0.601767
0.594562
-0.18086
-0.356488
0.653038
-0.502973
-0.00581576
0.500966
-0.644273
0.35237
0.181017
-0.556999
0.607162
-0.192955
-0.334459
0.589321
-0.419171
0.0142304
0.437227
-0.570634
0.353401
0.0900413
-0.505199
0.5789
-0.249566
-0.282283
0.602721
-0.476046
0.0446255
0.397343
-0.571332
0.383302
0.0726198
-0.472449
0.572343
-0.255818
-0.211878
0.543899
-0.492415
0.0995507
0.368206
-0.581513
0.42131
0.0453753
-0.472245
0.551849
-0.249687
-0.203012
0.537634
-0.505008
0.140382
0.32575
-0.542978
0.412545
0.0181891
-0.440778
0.555933
-0.287244
-0.165322
0.493858
-0.508064
0.172196
0.262276
-0.520797
0.415763
-0.0167949
-0.426798
0.590266
-0.344548
-0.145281
0.522095
-0.524935
0.178049
0.289121
-0.547155
0.426502
-0.0248658
-0.401594
0.538044
-0.288852
-0.117146
0.452943
-0.494026
0.189387
0.245971
-0.508093
0.435976
-0.0517113
-0.349134
0.524347
-0.335094
-0.0820952
0.44052
-0.497979
0.222222
0.222867
-0.50526
0.450149
-0.0933851
-0.341874
0.539
-0.356093
-0.058951
0.441169
-0.500276
0.232936
0.191746
-0.489774
0.459788
-0.107363
-0.325757
0.542599
-0.364627
-0.0553716
0.427502
-0.49657
0.235866
0.197259
-0.490008
0.448532
-0.0973371
-0.307457
0.513117
-0.365397
-0.0382915
0.428328
-0.523215
0.258432
0.193298
-0.500151
0.462992
-0.116928
-0.284668
0.517375
-0.381057
-0.00252256
0.392373
-0.512652
0.301553
0.128451
-0.464962
0.493688
-0.167913
-0.257089
0.524354
-0.392263
-0.00320123
0.384513
-0.501759
0.280358
0.146771
-0.453444
0.452484
-0.141672
-0.263066
0.500118
-0.391253
0.0160425
0.373676
-0.483472
0.274953
0.114615
-0.417307
0.446477
-0.18768
-0.215908
0.47996
-0.420693
0.075625
0.345986
-0.518079
0.331434
0.0943101
-0.419495
0.475438
-0.200009
-0.207345
0.490663
-0.417073
0.0689762
0.338577
-0.500601
0.319192
0.0755843
-0.412519
0.478767
-0.204936
-0.207186
0.481797
-0.422401
0.0616561
0.321789
-0.482227
0.336795
0.0411306
-0.397352
0.490441
-0.253234
-0.164794
0.469291
-0.465342
0.14949
0.263888
-0.497685
0.360065
0.049214
-0.42402
0.496713
-0.231992
-0.159926
0.438848
-0.425115
0.148636
0.240295
-0.465735
0.378597
-0.034804
-0.349441
0.498765
-0.314307
-0.0908688
0.431932
-0.469385
0.17342
0.2472
-0.499105
0.415668
-0.0715319
-0.321003
0.508886
-0.327795
-0.0908544
0.439663
-0.500086
0.207252
0.226457
-0.494242
0.429711
-0.0715445
-0.321715
0.504163
-0.350432
-0.0615041
0.43281
-0.490908
0.232954
0.183513
-0.478173
0.461315
-0.139607
-0.295178
0.517098
-0.364748
-0.0385558
0.434279
-0.537126
0.270637
0.176246
-0.515631
0.491509
-0.130993
-0.316427
0.538892
-0.395649
-0.0116495
0.425673
-0.52871
0.273677
0.170156
-0.491323
0.494217
-0.15976
-0.278498
0.518618
-0.410722
0.038781
0.37018
-0.558477
0.351391
0.109307
-0.515847
0.544986
-0.196299
-0.282884
0.565151
-0.47256
0.0478518
0.390306
-0.557921
0.339051
0.102538
-0.457451
0.525283
-0.231371
-0.232272
0.574143
-0.496447
0.0983932
0.366856
-0.585292
0.454573
0.00726301
-0.474077
0.605142
-0.301641
-0.190562
0.552691
-0.538183
0.174299
0.311259
-0.598167
0.466924
-0.00703062
-0.470646
0.615986
-0.338637
-0.160415
0.553551
-0.582557
0.225775
0.28646
-0.600246
0.543956
-0.0797551
-0.425075
0.680983
-0.440608
-0.0737914
0.570278
-0.655631
0.35109
0.235092
-0.637954
0.654053
-0.214549
-0.345453
0.6918
-0.542195
0.0513762
0.486902
-0.688146
0.446797
0.104003
-0.582918
0.724362
-0.378507
-0.224959
0.709645
-0.733959
0.257067
0.405089
-0.819103
0.692524
-0.124042
-0.573929
0.896509
-0.644784
-0.0705368
0.724627
-0.951141
0.550188
0.208815
-0.870174
0.983664
-0.513037
-0.32216
0.99318
-1.09511
0.492394
0.476764
-1.20534
1.23035
-0.527232
-0.564751
1.44601
-1.63496
0.934896
0.393536
-1.77901
2.7656
-3.0004
2.47337
-1.42099
0.470675