-0.707215
4.42607
-6.79844
7.00414
-5.43963
2.57484
0.441562
-2.86195
3.48188
-2.17088
-0.0137307
1.9049
-2.59871
1.78147
0.00754064
-1.73649
2.2175
-1.32471
-0.294984
1.58458
-1.89466
0.963398
0.483148
-1.5955
1.61095
-0.625782
-0.734507
1.53923
-1.36615
0.255693
0.913223
-1.46132
1.04304
0.00497136
-1.04272
1.34469
-0.815548
-0.297827
1.14272
-1.23
0.483966
0.5136
-1.20554
1.01524
-0.207442
-0.734124
1.15784
-0.805797
-0.0422905
0.864912
-1.08641
0.628491
0.282197
-0.955021
1.03182
-0.387043
-0.515492
1.03688
-0.868563
0.087917
0.701707
-1.03529
0.631304
0.147456
-0.85138
0.938118
-0.421454
-0.381278
0.907195
-0.81677
0.188652
0.564738
-0.935651
0.653575
0.0774644
-0.720892
0.862817
-0.436427
-0.271425
0.784386
-0.758456
0.241322
0.458811
-0.814604
0.661125
-0.0403707
-0.575435
0.840603
-0.495647
-0.151607
0.706598
-0.754658
0.308676
0.338788
-0.759694
0.689666
-0.136057
-0.521538
0.83668
-0.544512
-0.115218
0.688955
-0.768971
0.342333
0.31355
-0.741891
0.674078
-0.149439
-0.464101
0.772241
-0.540998
-0.0491552
0.626317
-0.745662
0.366519
0.268399
-0.692829
0.657074
-0.172013
-0.423218
0.726796
-0.533888
-0.0289053
0.565328
-0.700691
0.363119
0.21991
-0.627454
0.647803
-0.185182
-0.376661
0.667874
-0.494754
0.00750249
0.482961
-0.656788
0.382333
0.137184
-0.597049
0.629756
-0.248518
-0.320181
0.656442
-0.543988
0.0579785
0.470765
-0.661189
0.420598
0.114533
-0.549917
0.630174
-0.268207
-0.25978
0.637381
-0.566753
0.0950113
0.442187
-0.660249
0.434456
0.0947222
-0.549357
0.61105
-0.265274
-0.250486
0.589974
-0.537485
0.135534
0.367731
-0.642102
0.469849
0.044038
-0.52254
0.636039
-0.305158
-0.233224
0.590073
-0.551111
0.140178
0.353718
-0.597466
0.444655
0.0124134
-0.474846
0.635517
-0.332994
-0.194859
0.595345
-0.562489
0.162728
0.351095
-0.622701
0.49204
0.00180479
-0.489172
0.624332
-0.31043
-0.182449
0.545025
-0.54746
0.177028
0.319322
-0.588228
0.456637
-0.0155256
-0.431696
0.587975
-0.341072
-0.126173
0.518196
-0.544691
0.200839
0.278989
-0.577499
0.487414
-0.0508034
-0.414055
0.60129
-0.359735
-0.11871
0.518061
-0.554849
0.225744
0.273477
-0.57496
0.488768
-0.0605344
-0.393414
0.583413
-0.37055
-0.0875817
0.499657
-0.556146
0.235974
0.254399
-0.556922
0.486943
-0.0832852
-0.375921
0.592577
-0.386451
-0.0850008
0.497354
-0.563776
0.252439
0.244303
-0.566429
0.498471
-0.0850459
-0.364918
0.574941
-0.384311
-0.0456676
0.459276
-0.559921
0.287094
0.191995
-0.52989
0.520158
-0.142752
-0.338221
0.595371
-0.406243
-0.0488562
0.459566
-0.541063
0.270869
0.185957
-0.515309
0.49054
-0.127291
-0.317883
0.557394
-0.412869
-0.0202392
0.44079
-0.54706
0.289997
0.157282
-0.496395
0.501189
-0.165221
-0.284316
0.549416
-0.434898
0.0191881
0.420154
-0.562361
0.32036
0.150721
-0.489829
0.503599
-0.171035
-0.269339
0.548502
-0.445564
0.0360815
0.408779
-0.557564
0.332461
0.122153
-0.490978
0.526463
-0.198542
-0.265565
0.557598
-0.455941
0.0330189
0.400836
-0.554651
0.348808
0.0935403
-0.473494
0.527097
-0.218677
-0.239216
0.5286
-0.458685
0.0829968
0.357205
-0.550851
0.35722
0.0916657
-0.474629
0.534722
-0.217285
-0.232824
0.515584
-0.44959
0.0977559
0.33016
-0.536593
0.376282
0.0394597
-0.425683
0.526811
-0.275105
-0.171334
0.505411
-0.492449
0.140069
0.318314
-0.55957
0.41337
0.00656281
-0.423493
0.560102
-0.301104
-0.168587
0.52299
-0.511982
0.15128
0.305636
-0.56536
0.439108
-0.00104292
-0.436314
0.550403
-0.293349
-0.15324
0.486019
-0.499908
0.186413
0.253935
-0.534892
0.448721
-0.0555768
-0.391647
0.556923
-0.335015
-0.115532
0.478562
-0.5432
0.220481
0.243818
-0.561789
0.474268
-0.069919
-0.386137
0.575377
-0.383924
-0.082614
0.500818
-0.560359
0.245548
0.237293
-0.550139
0.50069
-0.10588
-0.360596
0.585753
-0.404518
-0.0429569
0.464757
-0.584099
0.313191
0.185678
-0.5625
0.558048
-0.15357
-0.349104
0.609368
-0.442601
-0.0143526
0.468615
-0.585033
0.320364
0.174646
-0.524844
0.546611
-0.179234
-0.295824
0.591995
-0.471273
0.0694361
0.403453
-0.618209
0.431549
0.0835442
-0.54535
0.621951
-0.248997
-0.273506
0.610301
-0.532647
0.116586
0.396565
-0.647907
0.46049
0.0596859
-0.52704
0.646358
-0.328025
-0.204349
0.620047
-0.61071
0.203825
0.36519
-0.676294
0.542745
-0.0265247
-0.50392
0.705649
-0.431171
-0.135174
0.629283
-0.697525
0.292821
0.304426
-0.700826
0.632063
-0.151583
-0.444772
0.74902
-0.55783
-0.022689
0.583248
-0.758712
0.438291
0.184127
-0.68743
0.767076
-0.312112
-0.348575
0.801356
-0.710608
0.178338
0.50765
-0.876895
0.6802
-0.00197133
-0.684832
0.930271
-0.568518
-0.162705
0.813513
-0.964018
0.491782
0.327932
-0.969657
0.999616
-0.394668
-0.485503
1.10342
-1.0714
0.352592
0.635086
-1.29165
1.20551
-0.4081
-0.719602
1.55565
-1.61766
0.769481
0.608771
-1.9402
2.76512
-2.8171
2.15475
-1.13431
0.340764