-0.438358
3.07698
-3.71009
2.50178
-0.910317
-0.44043
1.07604
-1.28532
0.735904
0.230479
-0.835479
0.874429
-0.468936
-0.16076
0.677065
-0.822461
0.342032
0.322145
-0.714364
0.588735
-0.171144
-0.391541
0.637619
-0.501978
0.00145093
0.455234
-0.614658
0.33405
0.115891
-0.541351
0.520261
-0.174225
-0.271497
0.492898
-0.414196
0.0380157
0.300543
-0.500814
0.315658
0.0587991
-0.407965
0.430218
-0.22266
-0.203067
0.423655
-0.374521
0.0626417
0.278969
-0.398689
0.272236
0.0438281
-0.28751
0.383074
-0.181907
-0.0916
0.337999
-0.361121
0.113512
0.191708
-0.396927
0.28516
-0.0126074
-0.303478
0.359288
-0.209826
-0.118307
0.327412
-0.327195
0.0949364
0.193265
-0.340065
0.260535
-0.0134917
-0.25915
0.356422
-0.183396
-0.116558
0.312054
-0.288773
0.0696074
0.187893
-0.295653
0.225614
0.0213989
-0.209641
0.283505
-0.144497
-0.0506075
0.25731
-0.25706
0.101078
0.145349
-0.271101
0.207548
-0.0105224
-0.166975
0.251928
-0.176815
-0.0104195
0.230771
-0.282494
0.129939
0.129432
-0.277488
0.234268
-0.0254584
-0.188616
0.27277
-0.166905
-0.0401075
0.228936
-0.25334
0.123763
0.11837
-0.266761
0.237765
-0.0227824
-0.190903
0.271662
-0.162487
-0.0534462
0.22733
-0.254525
0.101447
0.1316
-0.263506
0.209703
0.0022166
-0.166706
0.26369
-0.155798
-0.0670272
0.242224
-0.223155
0.0558238
0.128714
-0.227125
0.1592
-0.0196542
-0.160289
0.216355
-0.14298
-0.0447417
0.197159
-0.213457
0.0851851
0.114804
-0.213941
0.179234
-0.00464634
-0.147549
0.211346
-0.1164
-0.0255318
0.16726
-0.207993
0.101771
0.0933221
-0.213284
0.190545
-0.0301883
-0.161591
0.225393
-0.127154
-0.0575967
0.185796
-0.176888
0.0621645
0.0738742
-0.175953
0.175927
-0.04506
-0.125318
0.216698
-0.155803
-0.0361116
0.188729
-0.205667
0.0729825
0.105027
-0.194816
0.14916
-0.0190374
-0.108687
0.194228
-0.142005
-0.00834373
0.17648
-0.203557
0.0902373
0.0860586
-0.184416
0.184823
-0.0506452
-0.137763
0.239849
-0.139039
-0.0564612
0.186155
-0.191272
0.0713706
0.098999
-0.202348
0.160217
-0.00812719
-0.14446
0.194156
-0.10579
-0.0396418
0.165336
-0.177918
0.0613675
0.0862117
-0.172732
0.151255
-0.0230606
-0.116487
0.18984
-0.125614
-0.0282435
0.164684
-0.177548
0.0799315
0.0803037
-0.185989
0.164359
-0.019221
-0.134356
0.190654
-0.113694
-0.0299707
0.162601
-0.180255
0.0747759
0.0896103
-0.185258
0.149936
-0.0130243
-0.122668
0.185162
-0.116974
-0.034391
0.159806
-0.171623
0.0756123
0.0782614
-0.185118
0.163483
-0.013861
-0.136642
0.194897
-0.100567
-0.0448392
0.159023
-0.163107
0.0599084
0.0898663
-0.162879
0.134375
-0.0227037
-0.100963
0.189352
-0.130366
-0.0316367
0.179116
-0.179437
0.0566997
0.0989601
-0.181987
0.140082
-0.000811394
-0.127958
0.172678
-0.106896
-0.0371227
0.166842
-0.170427
0.0484925
0.0975847
-0.17469
0.127217
0.00165865
-0.124958
0.161952
-0.0929473
-0.0349467
0.144882
-0.157746
0.0682849
0.0906795
-0.174321
0.13446
0.0043031
-0.118579
0.16206
-0.0979235
-0.0289322
0.153894
-0.16166
0.0563694
0.0874094
-0.167092
0.132606
-0.0095886
-0.114911
0.173295
-0.116124
-0.0405763
0.172389
-0.162082
0.045067
0.0953381
-0.171617
0.129526
0.00106915
-0.134185
0.169543
-0.0824556
-0.0493499
0.145862
-0.151578
0.0546518
0.085463
-0.1679
0.145088
-0.00599117
-0.148829
0.1885
-0.0756293
-0.0747653
0.163174
-0.137877
0.0225725
0.104939
-0.155596
0.0992295
0.016709
-0.119071
0.144077
-0.0719876
-0.0457096
0.136859
-0.137987
0.0352721
0.0907023
-0.140362
0.106437
-0.00296531
-0.103337
0.151401
-0.0909267
-0.0415694
0.136686
-0.137885
0.0579134
0.0679738
-0.169771
0.141192
-0.00337821
-0.143014
0.173032
-0.0764285
-0.0708104
0.148321
-0.13179
0.027099
0.0804467
-0.15084
0.1232
0.000311987
-0.137495
0.153133
-0.0757492
-0.060466
0.138226
-0.140547
0.033664
0.0920227
-0.156782
0.102136
0.00665789
-0.111484
0.156983
-0.0823416
-0.0493282
0.154531
-0.141213
0.0334316
0.10089
-0.158719
0.111631
0.0218307
-0.137075
0.142809
-0.0536155
-0.0591499
0.129373
-0.116909
0.0387904
0.0764821
-0.147021
0.119301
0.00629336
-0.117175
0.162732
-0.0764147
-0.0479231
0.164421
-0.136596
0.0334902
0.110023
-0.157111
0.117852
0.0416385
-0.142919
0.138246
-0.0296198
-0.0587183
0.112786
-0.108745
0.0504686
0.0737641
-0.152591
0.124081
0.0152021
-0.130075
0.151753
-0.0643237
-0.0518482
0.148714
-0.134182
0.0277622
0.106137
-0.149307
0.102325
0.0273449
-0.121711
0.143069
-0.0607895
-0.0560169
0.14118
-0.127596
0.0220378
0.0973499
-0.143404
0.0967803
0.0145399
-0.118662
0.147541
-0.067482
-0.0619753
0.143486
-0.123472
0.0227887
0.0864392
-0.149572
0.112184
0.0144886
-0.135849
0.161555
-0.0520813
-0.0685473
0.152543
-0.12014
0.0237094
0.117797
-0.152223
0.0847376
0.044344
-0.114604
0.128479
-0.0590182
-0.0546091
0.144107
-0.127428
0.016178
0.108752
-0.145729
0.0815473
0.0252412
-0.118695
0.134468
-0.0623224
-0.0638606
0.143918
-0.120886
0.0130889
0.0958707
-0.150389
0.0921186
0.0297615
-0.131512
0.134213
-0.0448427
-0.0656944
0.12888
-0.112896
0.0229583
0.0905286
-0.138088
0.101698
0.00954124
-0.119932
0.159046
-0.0761613
-0.0707676
0.170184
-0.130521
0.000780357
0.117485
-0.143164
0.0909478
0.0213737
-0.136668
0.161337
-0.0575852
-0.0939406
0.168351
-0.111936
-0.0142741
0.118941
-0.139081
0.0769459
0.0411937
-0.135724
0.131959
-0.0347953
-0.0759356
0.137058
-0.110177
0.0100961
0.104578
-0.152909
0.0885585
0.0418726
-0.141122
0.136121
-0.0441472
-0.0828806
0.15613
-0.113048
-0.0115755
0.119949
-0.13589
0.0775767
0.0365102
-0.140067
0.14941
-0.0350003
-0.106387
0.155457
-0.0917401
-0.0245566
0.114295
-0.132867
0.0579709
0.0510421
-0.126111
0.108711
-0.0336425
-0.0717835
0.131583
-0.111066
-0.00337727
0.113706
-0.135609
0.0713848
0.0417477
-0.127347
0.132751
-0.037784
-0.0845161
0.154591
-0.0977382
-0.0157585
0.115363
-0.132602
0.0658927
0.0511181
-0.127467
0.122467
-0.0333114
-0.0854557
0.147465
-0.0918451
-0.022207
0.107796
-0.115459
0.0715001
0.032871
-0.127555
0.138639
-0.0311337
-0.0952327
0.140497
-0.0856625
-0.0107236
0.106164
-0.132905
0.0641738
0.0487524
-0.125035
0.118884
-0.031978
-0.0784056
0.139089
-0.108308
-0.0132594
0.128897
-0.134964
0.0500453
0.0658987
-0.115283
0.0997139
-0.0270022
-0.0618448
0.131207
-0.101661
-0.00188239
0.107116
-0.135825
0.071503
0.0382557
-0.133861
0.140296
-0.0305479
-0.101318
0.151109
-0.085651
-0.0240432
0.11446
-0.122736
0.0664945
0.0490622
-0.128798
0.128054
-0.0300322
-0.0901649
0.151877
-0.0977888
-0.0237701
0.131593
-0.133538
0.0491596
0.0678039
-0.1301
0.105711
-0.0119123
-0.0844584
0.129179
-0.0849014
-0.0172156
0.106136
-0.126312
0.0657335
0.0522517
-0.135516
0.118772
-0.0143096
-0.0920567
0.132276
-0.0856159
-0.0198872
0.109207
-0.129539
0.055576
0.0555177
-0.125008
0.113281
-0.025969
-0.0860813
0.14273
-0.0905531
-0.0222477
0.117366
-0.12806
0.0601976
0.0546778
-0.138653
0.124738
-0.00890883
-0.105174
0.133589
-0.0666116
-0.0203228
0.0997383
-0.121633
0.068759
0.0504729
-0.136829
0.124017
-0.0133077
-0.0998174
0.134454
-0.0788555
-0.0171907
0.109894
-0.134795
0.0571765
0.0560596
-0.135591
0.117822
-0.0156215
-0.094735
0.138426
-0.087403
-0.0231384
0.117564
-0.13016
0.0652007
0.0628536
-0.146519
0.12049
-0.00543779
-0.109682
0.137489
-0.0718994
-0.0308691
0.115216
-0.120623
0.0558691
0.0595172
-0.138963
0.114555
-0.00297462
-0.100231
0.130283
-0.074033
-0.0296588
0.106929
-0.117123
0.0572114
0.0453473
-0.131464
0.123403
-0.0205441
-0.0988218
0.139866
-0.0888626
-0.0226766
0.123764
-0.139378
0.0515891
0.0727482
-0.141809
0.111291
0.001455
-0.100486
0.129917
-0.0767947
-0.0250842
0.113832
-0.127466
0.05481
0.0596956
-0.133996
0.11622
-0.0193422
-0.09696
0.144787
-0.0896723
-0.0282394
0.123309
-0.138223
0.0544075
0.0691451
-0.146297
0.112455
-0.0096869
-0.104484
0.141587
-0.0844875
-0.0324631
0.125322
-0.130864
0.0485038
0.069351
-0.133114
0.116636
-0.0165269
-0.106169
0.152325
-0.0729072
-0.0359305
0.118374
-0.122607
0.062933
0.0656732
-0.145626
0.123965
0.00672602
-0.101786
0.132254
-0.076344
-0.0181399
0.11555
-0.132227
0.0707748
0.0606508
-0.147084
0.137319
-0.0187307
-0.121454
0.168765
-0.0849488
-0.0552564
0.143892
-0.125143
0.030357
0.0738475
-0.132067
0.111271
-0.00813048
-0.104496
0.141505
-0.0779037
-0.0335009
0.117352
-0.129573
0.0557981
0.0645111
-0.139652
0.120693
-0.00429214
-0.098888
0.134749
-0.0864446
-0.0105175
0.120619
-0.146898
0.0694996
0.067588
-0.151231
0.127883
-0.0214436
-0.107038
0.161437
-0.101167
-0.0323309
0.14152
-0.153919
0.0503962
0.0798849
-0.149329
0.116762
-0.0173553
-0.0994963
0.156816
-0.110992
-0.0280207
0.146827
-0.15927
0.0553002
0.0818155
-0.162566
0.126561
-0.00784645
-0.111705
0.159766
-0.101092
-0.0305071
0.143583
-0.16034
0.064887
0.0858015
-0.170135
0.139686
0.00183189
-0.132995
0.161745
-0.0790912
-0.0391473
0.137102
-0.146809
0.0577811
0.0745405
-0.16301
0.131191
-0.00933909
-0.116625
0.157846
-0.102277
-0.0316794
0.139219
-0.162496
0.0624073
0.0764528
-0.166548
0.13581
-0.0181691
-0.112992
0.171442
-0.111738
-0.0234673
0.157591
-0.168998
0.0697415
0.0857453
-0.173192
0.14554
-0.0115477
-0.117491
0.172838
-0.114405
-0.0258407
0.151736
-0.177259
0.0735379
0.0804862
-0.176886
0.150015
-0.0271451
-0.11943
0.186449
-0.124821
-0.0232439
0.16273
-0.183529
0.0796241
0.0793204
-0.178334
0.163762
-0.0324669
-0.117228
0.199377
-0.135659
-0.0248761
0.164922
-0.184904
0.0918202
0.0711764
-0.180757
0.184869
-0.0471149
-0.124882
0.213356
-0.142996
-0.0132365
0.165722
-0.203154
0.114149
0.0683484
-0.203535
0.197738
-0.0501287
-0.123561
0.219348
-0.162197
-0.000655234
0.169655
-0.219219
0.128737
0.0546927
-0.204995
0.221955
-0.0765252
-0.115944
0.235675
-0.191694
0.0258892
0.17428
-0.248552
0.156594
0.0410959
-0.209156
0.246305
-0.119502
-0.0936177
0.25476
-0.250247
0.0622669
0.172245
-0.289375
0.209157
0.00563527
-0.222764
0.295089
-0.175739
-0.0651497
0.265922
-0.305787
0.14453
0.122099
-0.312986
0.316428
-0.119333
-0.160148
0.374228
-0.37303
0.128246
0.243124
-0.492299
0.473326
-0.179442
-0.297691
0.732053
-0.898522
0.705751
-0.342389
0.0765338