-1.60132
8.71322
-16.9848
24.3224
-28.2361
26.8344
-19.8974
8.79574
2.62112
-10.3497
12.1003
-8.13217
0.810976
5.80509
-8.65623
6.55378
-1.34437
-3.92967
6.47869
-5.20889
1.10716
3.18433
-5.25715
4.06648
-0.594218
-2.94279
4.425
-3.20872
0.145617
2.65824
-3.64897
2.26531
0.543946
-2.96746
3.47918
-1.87953
-0.827174
2.83622
-3.03574
1.38112
0.956371
-2.5672
2.32358
-0.635104
-1.53271
2.72961
-2.29141
0.51224
1.44574
-2.37968
1.72076
0.0143267
-1.66062
2.17263
-1.27336
-0.368838
1.60442
-1.71005
0.624578
0.88603
-1.85491
1.67006
-0.49647
-0.894306
1.58057
-1.1753
-0.0293172
1.23717
-1.66904
1.10994
0.0454122
-0.982551
1.09639
-0.366314
-0.639562
1.27988
-1.08211
0.186335
0.835685
-1.26477
0.825157
0.253622
-1.20883
1.4758
-0.85257
-0.208558
1.03769
-1.08668
0.421581
0.511925
-1.02276
0.781289
0.110324
-1.05752
1.46831
-1.00917
0.0562532
0.806161
-0.999136
0.525735
0.302985
-0.913042
0.952558
-0.375662
-0.392212
0.869651
-0.745567
0.155143
0.479663
-0.684285
0.34919
0.282464
-0.735146
0.74336
-0.288101
-0.311059
0.676697
-0.539856
0.026333
0.513454
-0.674493
0.347091
0.279586
-0.764259
0.808067
-0.336975
-0.319105
0.770352
-0.66977
0.171145
0.402978
-0.680271
0.44191
0.162838
-0.678994
0.739915
-0.261579
-0.446034
0.911787
-0.825328
0.250105
0.474029
-0.881981
0.730872
-0.0905255
-0.634941
1.01259
-0.806939
0.17998
0.44631
-0.68109
0.405502
0.166323
-0.593413
0.597074
-0.226561
-0.251566
0.523961
-0.370868
-0.105758
0.612474
-0.817851
0.543672
0.0538191
-0.584696
0.727392
-0.41649
-0.092826
0.4379
-0.448977
0.185673
0.14482
-0.294108
0.141691
0.207014
-0.548116
0.624459
-0.38607
0.0227122
0.176769
-0.0148991
-0.395206
0.741212
-0.741556
0.38238
0.179383
-0.619959
0.687807
-0.300458
-0.29767
0.73753
-0.736145
0.357772
0.166968
-0.526669
0.515867
-0.103349
-0.41016
0.676387
-0.540748
0.130543
0.291171
-0.423681
0.173138
0.296974
-0.672183
0.715496
-0.416604
0.011871
0.248308
-0.202187
-0.0851486
0.357956
-0.381329
0.133311
0.264687
-0.538686
0.516226
-0.18275
-0.253858
0.516616
-0.430959
0.088683
0.294418
-0.447633
0.277555
0.120362
-0.452599
0.484043
-0.162554
-0.293186
0.628759
-0.615285
0.274719
0.197654
-0.486029
0.439646
-0.123381
-0.184419
0.288395
-0.0818072
-0.288912
0.571853
-0.524243
0.186306
0.257309
-0.489468
0.341009
0.152261
-0.656043
0.842824
-0.504482
-0.193621
0.874899
-1.14285
0.858596
-0.169027
-0.499908
0.810803
-0.600688
0.0507529
0.530044
-0.743302
0.451732
0.164496
-0.702304
0.852064
-0.570699
0.0919949
0.225025
-0.156068
-0.239898
0.683408
-0.832513
0.478778
0.257353
-0.964352
1.20735
-0.823851
-0.0102411
0.841414
-1.21187
0.905109
-0.063539
-0.873771
1.36489
-1.07411
0.117216
1.03666
-1.74236
1.62287
-0.619602
-0.94896
2.51607
-3.51697
3.74608
-3.24601
2.27379
-1.15099
0.326533