-1.20223
6.2665
-12.7249
19.6508
-24.9362
25.9229
-21.7275
12.6997
-1.55295
-8.05468
12.9405
-11.6693
5.58307
2.0059
-7.61466
8.6512
-5.23647
-0.503304
5.36386
-6.86558
4.60724
-0.105656
-3.92075
5.26672
-3.36438
-0.408502
3.76903
-4.74196
2.85655
0.587904
-3.61598
4.41057
-2.68531
-0.357771
2.86263
-3.32917
1.60045
1.02248
-2.88978
2.69942
-0.560452
-2.30271
4.07588
-3.91109
1.80725
0.779951
-2.40288
2.11357
-0.21177
-2.01724
3.15909
-2.47794
0.455673
1.7311
-2.76511
2.1277
-0.311391
-1.50166
2.2112
-1.48572
-0.112165
1.48054
-1.74772
0.7396
0.837254
-2.00117
1.9714
-0.809475
-0.783993
1.83339
-1.74767
0.676949
0.693378
-1.52583
1.40607
-0.50698
-0.474703
0.941803
-0.65142
-0.0671061
0.648641
-0.619417
0.0730966
0.624933
-0.848365
0.41196
0.507596
-1.28467
1.40856
-0.709384
-0.375989
1.21553
-1.2791
0.530412
0.54007
-1.22479
1.09855
-0.201877
-0.850659
1.43823
-1.13843
0.178385
0.871256
-1.33424
0.974736
-0.0575388
-0.742088
0.855598
-0.160271
-0.950224
1.77223
-1.75954
0.857579
0.438248
-1.39294
1.48579
-0.695899
-0.490119
1.37623
-1.47116
0.815342
0.143658
-0.794086
0.802462
-0.258814
-0.373902
0.652507
-0.344997
-0.283413
0.8375
-0.877658
0.333101
0.447749
-1.00654
0.984849
-0.382771
-0.421063
0.942362
-0.922895
0.406694
0.238855
-0.593667
0.454028
0.0609202
-0.575535
0.738045
-0.430723
-0.110736
0.538837
-0.547468
0.169846
0.315788
-0.56085
0.372783
0.138007
-0.588874
0.604572
-0.0568251
-0.829855
1.62579
-1.85988
1.40412
-0.517145
-0.300072
0.621206
-0.305375
-0.343696
0.833822
-0.753693
0.039627
0.955343
-1.65902
1.6765
-0.923588
-0.20759
1.09971
-1.27785
0.665917
0.351114
-1.10061
1.07158
-0.133431
-1.2957
2.5309
-2.88557
2.10661
-0.438482
-1.38573
2.57098
-2.54671
1.29308
0.774359
-2.93112
4.4992
-5.07623
4.68037
-3.60038
2.29413
-1.10675
0.315882