-1.39507
7.8638
-16.7448
25.57
-30.2469
26.926
-16.3373
2.12187
9.56301
-13.8493
9.68208
-0.487379
-7.51657
9.64705
-5.29281
-2.02509
7.09715
-6.72606
1.84495
3.65702
-5.87803
3.63934
1.07334
-4.68033
4.62963
-1.24087
-2.51219
3.80144
-1.89476
-1.45549
3.57282
-2.84531
0.0743326
2.49235
-2.82169
0.991868
1.40628
-2.46205
1.45019
0.749413
-2.25994
2.00126
-0.371454
-1.20342
1.49845
-0.384119
-1.11429
1.80255
-1.01441
-0.47777
1.5614
-1.34005
0.24262
1.00206
-1.3148
0.635544
0.484576
-1.05752
0.73848
0.154305
-0.911479
1.01412
-0.473545
-0.285512
0.675962
-0.520292
0.0452859
0.412956
-0.580962
0.419304
-0.0813642
-0.146269
0.155332
0.00817432
-0.219288
0.441546
-0.531062
0.361196
0.00399135
-0.356206
0.471996
-0.131006
-0.51423
1.16527
-1.23597
0.552613
0.636285
-1.51278
1.46983
-0.273316
-1.37073
2.34353
-1.83999
-0.263318
3.15491
-5.64125
6.74933
-6.09867
4.25251
-2.11709
0.637818